0 0.5042864583333333 0.2303703703703704 0.033208333333333326 0.08991203703703705
0 0.5270989583333333 0.21655555555555556 0.030393229166666678 0.09263888888888884
0 0.544390625 0.20140740740740742 0.0321875000000001 0.08401388888888885
0 0.46368229166666663 0.7160555555555556 0.04521354166666664 0.03632407407407409
0 0.532609375 0.6942222222222222 0.04546354166666665 0.04995370370370374
0 0.5834895833333333 0.6643611111111111 0.04419270833333329 0.04359259259259252
0 0.33861458333333333 0.6870925925925926 0.04470312500000008 0.04449999999999995
0 0.42859375 0.821212962962963 0.02503124999999997 0.07401851851851836
0 0.31856249999999997 0.8149722222222222 0.0436796875 0.041777777777777886
0 0.29926562500000004 0.8688888888888888 0.04419270833333341 0.043148148148148276
0 0.19700520833333332 0.9441851851851852 0.03805989583333336 0.04359259259259252
0 0.3070260416666667 0.025564814814814815 0.04223958333333329 0.030814814814814816