0 0.08544921875 0.7038789237668162 0.09682128906249998 0.0904820627802691
0 0.2001953125 0.6374215246636772 0.05859375 0.11483183856502249
0 0.299248046875 0.6037892376681615 0.05001464843750003 0.11483183856502249
0 0.3512109375 0.5757623318385651 0.0537109375 0.12604260089686106
0 0.332724609375 0.40199551569506725 0.07240722656249998 0.0831165919282511
0 0.414345703125 0.5389237668161435 0.07122070312499995 0.11402466367713009
0 0.476767578125 0.5060762331838565 0.07038085937500005 0.11867713004484307
0 0.535712890625 0.4780493273542601 0.05859375 0.10089686098654709
0 0.73521484375 0.5148878923766815 0.078125 0.08504484304932737
0 0.73486328125 0.6390134529147982 0.06110351562500016 0.11755605381165933
0 0.653603515625 0.68304932735426 0.06264160156249998 0.12331838565022421
0 0.846474609375 0.7286995515695067 0.09849121093750002 0.08584080717488808
0 0.8297265625 0.5949775784753364 0.07156738281250008 0.11402466367713009
0 0.894599609375 0.5693497757847534 0.07847167968750002 0.11131165919282507