0 0.1435546875 0.8080586080586081 0.072265625 0.07179487179487179
0 0.35400390625 0.6293040293040293 0.0537109375 0.05128205128205128
0 0.4541015625 0.5230769230769231 0.03515625 0.04395604395604396
0 0.53466796875 0.4468864468864469 0.0439453125 0.04395604395604396
0 0.59130859375 0.3956043956043956 0.0302734375 0.0380952380952381
0 0.6630859375 0.32161172161172163 0.02734375 0.0336996336996337
0 0.74072265625 0.2564102564102564 0.0263671875 0.029304029304029304
0 0.804990234375 0.2061098901098901 0.019221191406249893 0.020465201465201508
0 0.852177734375 0.1683223443223443 0.018151855468749867 0.021263736263736246
0 0.8814208984375 0.14551648351648352 0.019997558593749964 0.023450549450549443
0 0.9138427734375 0.12358241758241759 0.014951171874999947 0.016893772893772894
0 0.934833984375 0.10859340659340659 0.014318847656249911 0.01551282051282052
0 0.9540869140625 0.09382417582417582 0.012861328124999849 0.016311355311355302
0 0.968564453125 0.08252747252747253 0.012038574218749876 0.016677655677655667
0 0.980576171875 0.07232234432234431 0.010871582031249938 0.013326007326007324