0 0.36346666666666666 0.7262375 0.0583708333333333 0.23803124999999994
0 0.4166 0.733625 0.05494583333333338 0.23865624999999993
0 0.47008333333333335 0.7357375 0.049212500000000055 0.24096249999999997
0 0.526025 0.7373125 0.04312916666666676 0.23980625000000003
0 0.5805666666666667 0.733625 0.04767500000000003 0.2449437499999999
0 0.6277083333333333 0.7267625 0.05075000000000007 0.24609999999999985
0 0.383175 0.5172249999999999 0.10758333333333335 0.07381875000000009
0 0.525325 0.5193375 0.10912083333333328 0.07612499999999997
0 0.5274333333333333 0.34095 0.10492500000000007 0.06354375000000005
0 0.7230666666666666 0.9326000000000001 0.0373999999999999 0.11503124999999984
0 0.7037166666666667 0.6534 0.03621249999999994 0.09269374999999996
0 0.744525 0.6555124999999999 0.04082500000000001 0.09668125000000004
0 0.7888583333333333 0.6465375 0.04236250000000003 0.0938499999999999
0 0.71145 0.7842874999999999 0.03928749999999998 0.10590625000000017
0 0.7540250000000001 0.7827 0.043129166666666566 0.10873750000000001
0 0.6935083333333334 0.354675 0.1148541666666667 0.06354375000000005
0 0.84305 0.35731250000000003 0.1167416666666666 0.06469375
0 0.9503750000000001 0.3631125 0.0992083333333331 0.061237500000000014
0 0.8581749999999999 0.5230375 0.11750833333333352 0.06637500000000003
0 0.9579166666666666 0.52625 0.08416666666666667 0.0675
0 0.67345 0.208475 0.03355416666666675 0.11901249999999998
0 0.7174333333333333 0.202675 0.041591666666666735 0.12016874999999999
0 0.7554333333333333 0.20425000000000001 0.04117499999999988 0.11670625000000001
0 0.7944916666666667 0.20583749999999998 0.04082500000000001 0.11618124999999999
0 0.828975 0.20477499999999998 0.04082500000000001 0.11387500000000003
0 0.8666250000000001 0.20477499999999998 0.04159166666666655 0.11387500000000003
0 0.9127166666666666 0.2032 0.0434833333333332 0.11503124999999997
0 0.9616250000000001 0.20477499999999998 0.04159166666666692 0.11618124999999999
0 0.7345833333333334 0.045 0.04083333333333333 0.09
0 0.7808333333333334 0.04375 0.03666666666666667 0.0875
0 0.8208833333333333 0.040637499999999986 0.038520833333333254 0.08126249999999999
0 0.8585333333333334 0.040637499999999986 0.03662916666666661 0.08126249999999999
0 0.8979166666666667 0.03875 0.035833333333333335 0.0775