0 0.36155885471898197 0.3485673892554194 0.03933191940615062 0.08866163996229977
0 0.29466065747614 0.34296889726672947 0.04566012725344645 0.09240810556079178
0 0.234050901378579 0.33850141376060316 0.04191675503711556 0.07909990574929307
0 0.17320254506892896 0.3493119698397738 0.06369565217391304 0.09418473138548546
0 0.41911983032873806 0.35659754948162115 0.03964740190880175 0.09532045240339301
0 0.38220572640509015 0.2803770028275212 0.03438494167550379 0.07661639962299714
0 0.3383934252386002 0.2349764373232799 0.03701484623541885 0.07354382657869932
0 0.3594591728525981 0.1620640904806786 0.03900848356309659 0.08677191328934966
0 0.27779957582184517 0.23596606974552312 0.04156150583244962 0.06660226201696509
0 0.3156468716861081 0.1527803958529689 0.03329533404029696 0.05370405278039582
0 0.33951219512195124 0.08616399622997173 0.029310710498409318 0.04789349670122526
0 0.36822375397667023 0.03413760603204524 0.03148992576882284 0.049830348727615464
0 0.38593319194061504 0.10869934024505183 0.023862672322375336 0.044024505183788885
0 0.4030858960763521 0.20812441093308198 0.033480911983032866 0.08209236569274271
0 0.4258324496288441 0.1123468426013195 0.02758218451749734 0.0762818096135721
0 0.4490986214209968 0.030160226201696512 0.031813361611876985 0.060320452403393024
0 0.4327306468716861 0.2727521206409048 0.03085100742311768 0.06466540999057495
0 0.4420519618239661 0.2048162111215834 0.03329533404029696 0.0704759660697455
0 0.45939554612937433 0.12096135721017907 0.02822110286320262 0.06693213949104622
0 0.47169671261930013 0.06098020735155514 0.024766702014846254 0.05724787935909517
0 0.4987327677624602 0.1116870876531574 0.028032873806999002 0.08176248821866164
0 0.49015376458112403 0.18492931196983978 0.028032873806999002 0.05564090480678607
0 0.48251325556733826 0.2525353440150801 0.026306998939554616 0.06613100848256359
0 0.4730010604453871 0.3440056550424128 0.03085100742311768 0.07548067860508957
0 0.5308006362672322 0.3317436380772856 0.030212089077412522 0.0961215834118756
0 0.5347136797454931 0.23795475966069746 0.029122481442205583 0.08209236569274267
0 0.5410551431601271 0.15542884071630536 0.024766702014846254 0.06806786050895379
0 0.5460869565217392 0.08517436380772857 0.022134146341463358 0.06967012252591896
0 0.588594909862142 0.34102733270499525 0.03483563096500545 0.07628180961357216
0 0.6495652173913044 0.33373232799245994 0.0365641569459173 0.0696701225259189
0 0.6437857900318134 0.2641376060320452 0.032391304347825924 0.0657964184731385
0 0.6391251325556734 0.20282752120640904 0.03130169671261947 0.05564090480678602
0 0.6352067868504772 0.14748350612629593 0.027396606574761437 0.046621112158341166
0 0.6327836691410392 0.10406220546654099 0.0251378579003183 0.04402450518378886
0 0.6294273594909862 0.06263901979264844 0.0263069989395545 0.040480678605089554
0 0.6268186638388124 0.027841658812441092 0.023862672322375454 0.030796418473138545
0 0.7073594909862142 0.3334024505183789 0.043366914103923626 0.07821866163996231
0 0.6995281018027572 0.26380772855796414 0.04028366914103919 0.06385956644674835
0 0.6913255567338281 0.20580584354382658 0.037203075291622464 0.05644674835061261
0 0.6851749734888654 0.15410933081998116 0.033934252386002124 0.049830348727615464
0 0.6808854718981973 0.1106880301602262 0.03592523860021215 0.04402450518378891
0 0.6752916224814421 0.06827521206409048 0.030400318133616138 0.04241753063147973
0 0.7219034994697773 0.07324222431668237 0.022587486744432613 0.03774269557021676
0 0.7640402969247084 0.3383694627709708 0.039008483563096344 0.07127709707822809
0 0.7515482502651114 0.2717624882186616 0.03547454931071036 0.06112158341187561
0 0.7405461293743373 0.21011310084825638 0.031301696712619224 0.05063619227144206
0 0.7310392364793213 0.1567577756833176 0.029575821845175078 0.045956644674835054
0 0.7243266171792152 0.11035815268614516 0.027396606574761437 0.040480678605089526
0 0.9003287380699894 0.3125259189443921 0.06061240721102866 0.11208765315739874
0 0.9391092258748674 0.3052309142318568 0.062417815482502546 0.11322337417530631
0 0.8583775185577943 0.2174081055607917 0.054262990455991596 0.10627709707822808
0 0.8938016967126193 0.20945334590009426 0.05452810180275724 0.09532045240339301
0 0.8223966065747614 0.13488218661639964 0.04355249204665977 0.08450047125353438
0 0.8018875927889713 0.07655984919886899 0.03919406150583249 0.08015551366635248
0 0.7933085896076353 0.20448633364750238 0.03175503711558848 0.0587134778510839
0 0.8337698833510074 0.3330725730442978 0.03964740190880175 0.08176248821866164
0 0.8099045599151644 0.2585014137606032 0.033480911983032866 0.07434967012252591
0 0.10411452810180276 0.3401225259189444 0.05515111346765641 0.08876060320452399
0 0.06435312831389184 0.33594721960414703 0.05940880169671263 0.08374646559849201
0 0.1564952279957582 0.22611687087653157 0.04615323435843058 0.07361922714420355
0 0.19519088016967126 0.142507068803016 0.039766702014846236 0.06141376060320449
0 0.23110816542948037 0.0801885014137606 0.03620095440084834 0.05554665409990575
0 0.2542417815482503 0.0235626767200754 0.030222693531283137 0.0471253534401508
0 0.21818663838812302 0.25991517436380773 0.05272799575821842 0.08305372290292178
0 0.2536055143160127 0.18829406220546654 0.04308059384941675 0.07267200754005651