0 0.18880208333333334 0.7453703703703703 0.07361197916666669 0.05216203703703707
0 0.3819427083333334 0.8001574074074074 0.078125 0.05725462962962966
0 0.4852447916666666 0.8858055555555555 0.09210156250000003 0.06481481481481481
0 0.3628489583333333 0.9583333333333334 0.09895833333333333 0.08333333333333333
0 0.4973958333333333 0.591824074074074 0.0625 0.05725462962962966
0 0.4956614583333333 0.47993518518518524 0.057291666666666664 0.046296296296296294
0 0.4249114583333334 0.43210185185185185 0.03741406250000002 0.046296296296296294
0 0.4995677083333333 0.4027777777777778 0.04591927083333332 0.037037037037037035
0 0.4348958333333333 0.3688240740740741 0.041666666666666664 0.03410648148148141
0 0.439234375 0.3140462962962963 0.046875 0.03873611111111104
0 0.4483489583333334 0.2229537037037037 0.042622395833333354 0.03244444444444446
0 0.4505208333333333 0.18599074074074073 0.03125 0.023185185185185152