0 0.2625885416666667 0.24845370370370368 0.03550260416666671 0.13595833333333326
0 0.3333333333333333 0.2561759259259259 0.03454947916666669 0.13256018518518525
0 0.4066822916666667 0.25925925925925924 0.0390625 0.1388888888888889
0 0.4739583333333333 0.24150925925925926 0.03315885416666665 0.17762499999999992
0 0.5338541666666666 0.27314814814814814 0.03125 0.12376388888888885
0 0.6592864583333333 0.25925925925925924 0.042622395833333354 0.17931944444444442
0 0.4296875 0.4915092592592593 0.04878385416666665 0.18055555555555555
0 0.4991302083333334 0.4776203703703704 0.03810677083333332 0.1868842592592593
0 0.627171875 0.4976851851851852 0.033854166666666664 0.15864351851851854
0 0.6957447916666666 0.519287037037037 0.04591927083333332 0.18981481481481483
0 0.5238697916666667 0.7646574074074074 0.04071093749999998 0.19274537037037034
0 0.5928802083333333 0.7816388888888889 0.03810677083333332 0.1712962962962963
0 0.330296875 0.8726851851851852 0.04071093749999998 0.1527777777777778
0 0.252171875 0.8603425925925926 0.03220572916666663 0.12793055555555552
0 0.08941145833333333 0.855712962962963 0.036458333333333336 0.125