0 0.48828125 0.1913611111111111 0.09114583333333333 0.06481481481481481
0 0.634984375 0.16358333333333333 0.07196093749999997 0.10185185185185185
0 0.49435937499999993 0.2824074074074074 0.08949739583333335 0.0682083333333333
0 0.3172760416666666 0.47993518518518524 0.09470572916666668 0.08966203703703707
0 0.5 0.49537037037037035 0.06579947916666669 0.08333333333333333
0 0.5282135416666666 0.3726851851851852 0.08428906250000003 0.06357870370370367
0 0.6883697916666667 0.34876851851851853 0.09019010416666665 0.09552314814814822
0 0.8168385416666666 0.27469444444444446 0.057291666666666664 0.10185185185185185
0 0.6809895833333334 0.48225 0.10486197916666669 0.08503240740740745
0 0.838109375 0.4760833333333333 0.06345572916666668 0.038736111111111145
0 0.84765625 0.5810185185185185 0.1171875 0.08209722222222218