0 0.24175520833333336 0.7553981481481482 0.10677083333333333 0.11281018518518522
0 0.4778645833333333 0.6396574074074074 0.09305468749999998 0.10355092592592596
0 0.4986979166666667 0.7515462962962962 0.0703125 0.09259259259259259
0 0.439671875 0.5478425925925926 0.07196093749999997 0.07407407407407407
0 0.5776927083333334 0.4891944444444445 0.08758593749999997 0.10185185185185185
0 0.548609375 0.4158981481481482 0.07291666666666667 0.07237500000000008
0 0.5173593750000001 0.3479907407407407 0.06935677083333332 0.06944444444444445
0 0.6514739583333333 0.30092592592592593 0.04591927083333332 0.049689814814814784
0 0.341578125 0.25849074074074074 0.0703125 0.06018518518518518
0 0.4210052083333334 0.18287037037037038 0.05373177083333332 0.04753240740740744
0 0.310328125 0.16049074074074074 0.06510416666666667 0.06481481481481481
0 0.388890625 0.09182407407407407 0.058940104166666646 0.05092592592592592
0 0.3680572916666666 0.0640462962962963 0.043315104166666646 0.041666666666666664
0 0.2973072916666667 0.12731481481481483 0.06154427083333332 0.06357870370370367