0 0.4427083333333333 0.4344166666666667 0.06961718749999998 0.044597222222222295
0 0.5581614583333334 0.4243796296296296 0.050434895833333354 0.037037037037037035
0 0.4644114583333333 0.5455277777777777 0.06085156250000002 0.047995370370370403
0 0.470921875 0.6141944444444445 0.06675260416666665 0.05555555555555555
0 0.4869791666666667 0.7052499999999999 0.09375 0.06774537037037033
0 0.5746510416666666 0.4683611111111111 0.06770833333333333 0.0479953703703703
0 0.58203125 0.5239166666666667 0.06701302083333331 0.06311574074074071
0 0.6059010416666666 0.5902777777777778 0.06605989583333335 0.05092592592592592
0 0.732640625 0.5763888888888888 0.05373177083333332 0.03827314814814818
0 0.62890625 0.6712962962962963 0.05659635416666665 0.06142129629629633
0 0.6684010416666666 0.7762314814814815 0.09539843749999997 0.06481481481481481
0 0.5173593750000001 0.9560185185185185 0.1266484375 0.08796296296296297