0 0.49600520833333334 0.5085555555555555 0.030588541666666677 0.1418703703703704
0 0.43099479166666665 0.4837407407407408 0.03373437499999999 0.12657407407407412
0 0.4991770833333333 0.34955555555555556 0.02030468749999995 0.0655694444444445
0 0.4024479166666667 0.3484351851851852 0.028593750000000046 0.06967592592592593
0 0.5457968750000001 0.34674074074074074 0.034890625000000126 0.11388888888888889
0 0.415453125 0.7188518518518519 0.03431249999999994 0.15866203703703705
0 0.4991770833333333 0.7757962962962963 0.030588541666666677 0.13068055555555555
0 0.3038177083333334 0.544074074074074 0.03803906250000004 0.13216666666666668
0 0.2860625 0.7780462962962963 0.050632812500000075 0.18048611111111107
0 0.35170833333333335 0.7780462962962963 0.04517447916666673 0.18505555555555567
0 0.20772916666666666 0.5638055555555556 0.05120833333333336 0.14438888888888873