0 0.5147552083333333 0.5725277777777779 0.0625 0.08626388888888885
0 0.5043385416666666 0.8665092592592593 0.08333333333333333 0.1371898148148148
0 0.6015625 0.6203703703703703 0.05920052083333331 0.10185185185185185
0 0.693140625 0.5486111111111112 0.059895833333333336 0.10648148148148148
0 0.310328125 0.7685185185185185 0.06345572916666668 0.09598611111111108
0 0.279078125 0.5084907407407407 0.0703125 0.08163425925925923
0 0.4066822916666667 0.44599074074074074 0.02699739583333335 0.037037037037037035
0 0.4986979166666667 0.4513888888888889 0.05138802083333331 0.07283796296296292
0 0.4500885416666666 0.3410462962962963 0.042622395833333354 0.046296296296296294
0 0.4058177083333333 0.30015740740740743 0.044270833333333336 0.044597222222222295
0 0.342015625 0.3958333333333333 0.04852343749999998 0.05092592592592592
0 0.10243229166666666 0.23997222222222223 0.041666666666666664 0.03533796296296293
0 0.7764739583333333 0.6303981481481482 0.049479166666666664 0.0787037037037037