0 0.24175520833333333 0.5447500000000001 0.05633593750000004 0.06481481481481481
0 0.2955729166666667 0.8665092592592593 0.07742968749999998 0.0942916666666667
0 0.5082447916666666 0.7685185185185185 0.07908072916666668 0.09598611111111108
0 0.584203125 0.9074074074074074 0.07456510416666665 0.10771759259259263
0 0.08246354166666667 0.3271574074074074 0.04522656249999999 0.049226851851851924
0 0.328125 0.16821296296296295 0.041666666666666664 0.03996759259259261
0 0.39453125 0.1890462962962963 0.03194531250000002 0.029476851851851834
0 0.4600677083333334 0.3479907407407407 0.041666666666666664 0.05092592592592592
0 0.5625 0.2577129629629629 0.04496614583333335 0.046296296296296294
0 0.5347239583333334 0.2013888888888889 0.04001822916666668 0.045060185185185155
0 0.5043385416666667 0.13349074074074072 0.041666666666666664 0.04459722222222224
0 0.6137135416666666 0.13965740740740742 0.03289843749999998 0.029476851851851834
0 0.6480052083333334 0.18132407407407408 0.03741406250000002 0.03873611111111109
0 0.6822916666666666 0.22608333333333333 0.04496614583333335 0.04459722222222224