0 0.13628645833333333 0.22762037037037042 0.04522656250000002 0.06944444444444445
0 0.2586822916666667 0.22299074074074077 0.0660598958333333 0.09722222222222222
0 0.365015625 0.09722222222222222 0.051127604166666646 0.0682083333333333
0 0.4071197916666666 0.14969444444444444 0.03289843749999998 0.046296296296296294
0 0.2925364583333333 0.30092592592592593 0.04852343749999998 0.06142129629629633
0 0.3311614583333334 0.37037037037037035 0.07387239583333335 0.09845833333333337
0 0.4405364583333334 0.2098796296296296 0.06866406250000003 0.09552314814814816
0 0.6006927083333333 0.12576851851851853 0.04522656250000002 0.06651388888888887
0 0.6497395833333334 0.17437962962962963 0.05659635416666665 0.09892129629629627
0 0.60546875 0.4089537037037037 0.059895833333333336 0.10185185185185185
0 0.498265625 0.617287037037037 0.058940104166666646 0.10478240740740738
0 0.7022552083333333 0.23765740740740743 0.04522656250000002 0.07407407407407407