0 0.5442708333333334 0.6844166666666667 0.07291666666666667 0.08503240740740745
0 0.48871354166666664 0.8711388888888889 0.11458333333333333 0.13425925925925927
0 0.560765625 0.5586388888888889 0.08168489583333335 0.08040277777777781
0 0.6614583333333334 0.4220648148148148 0.06440885416666665 0.05725462962962956
0 0.7764739583333333 0.4699074074074074 0.06675260416666665 0.0567916666666667
0 0.77734375 0.6566388888888889 0.0859375 0.0787037037037037
0 0.484375 0.33564814814814814 0.04496614583333335 0.041666666666666664
0 0.525171875 0.30169444444444443 0.052083333333333336 0.041666666666666664
0 0.4769947916666667 0.2507685185185185 0.035502604166666646 0.029476851851851886
0 0.7189479166666667 0.20710185185185184 0.03060416666666678 0.025143518518518544
0 0.6754322916666666 0.11649074074074074 0.03900260416666678 0.02956481481481482