0 0.46875 0.6875 0.0625 0.08456944444444447
0 0.4926197916666667 0.7978425925925926 0.07552083333333333 0.09892129629629633
0 0.6558177083333334 0.5354907407407408 0.051127604166666646 0.08040277777777781
0 0.5419114583333333 0.4689259259259259 0.057914062500000085 0.0722546296296296
0 0.627578125 0.4366388888888889 0.04064322916666683 0.05430555555555554
0 0.5855572916666667 0.36241666666666666 0.05313020833333345 0.05619444444444439
0 0.694265625 0.2882037037037037 0.04277083333333328 0.059972222222222205
0 0.5072135416666667 0.22169444444444444 0.04702343750000004 0.048171296296296275
0 0.5419114583333333 0.15374074074074073 0.035067708333333295 0.042981481481481495
0 0.4096197916666667 0.20337962962962963 0.03719531249999998 0.0306990740740741
0 0.406640625 0.15037037037037038 0.039049479166666616 0.04439351851851851
0 0.31880729166666666 0.21735185185185185 0.05419270833333331 0.047226851851851846
0 0.16509375 0.23374074074074075 0.05259895833333334 0.03777777777777784
0 0.18623958333333332 0.459287037037037 0.06110156249999997 0.04957870370370377
0 0.34509895833333337 0.3431388888888889 0.05791406249999997 0.04439351851851857