0 0.11110937500000001 0.6234537037037038 0.10581510416666667 0.10478240740740738
0 0.23741145833333333 0.4861111111111111 0.0546875 0.1145046296296296
0 0.3541666666666667 0.24228703703703705 0.0625 0.05555555555555555
0 0.4131927083333334 0.33178703703703705 0.0625 0.08966203703703697
0 0.3159739583333333 0.6064814814814815 0.07647656250000003 0.07993981481481485
0 0.5247395833333334 0.49923148148148144 0.07361197916666669 0.08796296296296297
0 0.5013020833333334 0.658175925925926 0.03576302083333331 0.17762500000000003
0 0.6414947916666667 0.5733055555555555 0.04001822916666668 0.14644907407407404
0 0.6822916666666666 0.42592592592592593 0.03315885416666665 0.10185185185185185
0 0.828125 0.3587962962962963 0.052083333333333336 0.10987499999999997
0 0.88671875 0.4830277777777777 0.04617968749999998 0.12037037037037036