0 0.39027083333333334 0.22324074074074074 0.0328151041666666 0.12950462962962958
0 0.47089583333333335 0.2124537037037037 0.03430989583333333 0.1407685185185186
0 0.5443854166666667 0.20167592592592593 0.03554427083333327 0.13169907407407408
0 0.6207239583333333 0.19533333333333333 0.03430989583333333 0.1348194444444444
0 0.705984375 0.1927962962962963 0.04214062500000016 0.12950462962962958
0 0.42130729166666664 0.49975 0.03492708333333342 0.1621944444444445
0 0.4997916666666667 0.5016574074074074 0.031937499999999966 0.13325925925925933
0 0.579703125 0.4769166666666667 0.037656249999999857 0.17987037037037037
0 0.7495104166666666 0.4750185185185185 0.03941145833333337 0.13857407407407393
0 0.9121822916666668 0.41160185185185183 0.054812500000000125 0.10056481481481483
0 0.9186041666666667 0.7718240740740742 0.05929687499999995 0.12840740740740747