0 0.2981770833333333 0.6342592592592593 0.09114583333333333 0.0706805555555556
0 0.5108489583333333 0.591824074074074 0.07908072916666668 0.05092592592592592
0 0.5056406250000001 0.2970648148148148 0.06675260416666665 0.044597222222222295
0 0.5980885416666666 0.27391666666666664 0.05564322916666668 0.03873611111111104
0 0.5082447916666666 0.21064814814814814 0.06345572916666668 0.03580092592592589
0 0.58984375 0.18673148148148147 0.059895833333333336 0.03410648148148146
0 0.5789947916666667 0.15354629629629632 0.041666666666666664 0.029476851851851834
0 0.5065104166666666 0.1450648148148148 0.05659635416666665 0.03410648148148146
0 0.5065104166666666 0.1774722222222222 0.059895833333333336 0.037037037037037035
0 0.5208333333333334 0.6928981481481482 0.10225781250000002 0.06188425925925929
0 0.502171875 0.8140462962962962 0.07552083333333333 0.06944444444444445
0 0.6410572916666666 0.4668240740740741 0.08072916666666667 0.053856481481481554
0 0.6510416666666666 0.5462962962962963 0.08142447916666669 0.05555555555555555
0 0.6571197916666667 0.6303981481481482 0.10060677083333332 0.07577314814814819