0 0.17480208333333333 0.4318888888888889 0.0725859375 0.06209259259259265
0 0.18086458333333333 0.5428796296296295 0.1092682291666667 0.07867129629629643
0 0.15981770833333334 0.6595740740740741 0.08701302083333336 0.06584722222222224
0 0.148046875 0.7940185185185185 0.09783072916666669 0.06584722222222224
0 0.3874166666666667 0.3786203703703704 0.09844791666666666 0.0669444444444445
0 0.3717239583333333 0.4845277777777777 0.09123437500000003 0.06850462962962975
0 0.3692239583333333 0.5961481481481482 0.08763020833333333 0.06850462962962954
0 0.3727916666666667 0.7248981481481481 0.10777343749999997 0.062092592592592755
0 0.5154895833333334 0.43442592592592594 0.09633593750000008 0.05943518518518513
0 0.5172708333333332 0.5403425925925927 0.10416666666666667 0.06850462962962954
0 0.5151302083333333 0.6678148148148149 0.10416666666666667 0.06209259259259254