0 0.342015625 0.5540092592592593 0.08498177083333332 0.05555555555555555
0 0.3515625 0.44289814814814815 0.06770833333333333 0.05262499999999993
0 0.3229166666666667 0.6882685185185186 0.08003385416666665 0.05848611111111108
0 0.3033854166666667 0.8495370370370371 0.07882031250000002 0.06357870370370367
0 0.4913177083333334 0.17669444444444446 0.057291666666666664 0.03873611111111109
0 0.5013020833333334 0.40046296296296297 0.07742968749999998 0.05431944444444441
0 0.5086822916666667 0.4969166666666666 0.08333333333333333 0.05555555555555555
0 0.5 0.6111111111111112 0.08142447916666669 0.06481481481481481
0 0.517796875 0.7546296296296297 0.11197916666666667 0.07746759259259256
0 0.5121510416666666 0.9375 0.09210156250000003 0.08456944444444447
0 0.6879322916666666 0.75 0.0390625 0.037037037037037035
0 0.65234375 0.4930555555555556 0.05798697916666669 0.04753240740740744
0 0.6219635416666667 0.3256203703703704 0.028645833333333332 0.030708333333333403
0 0.7274322916666667 0.9220648148148147 0.11458333333333333 0.06651388888888893