0 0.349390625 0.7484537037037038 0.06510416666666667 0.05555555555555555
0 0.375 0.9112685185185185 0.046875 0.07237499999999997
0 0.24479166666666666 0.9521574074074073 0.05017447916666669 0.06774537037037033
0 0.49609375 0.9421296296296297 0.06319531250000002 0.07283796296296292
0 0.3793385416666667 0.7947500000000001 0.046875 0.03996759259259256
0 0.6080729166666666 0.7924351851851852 0.059895833333333336 0.041666666666666664
0 0.6631927083333333 0.8371944444444444 0.0625 0.047995370370370403
0 0.5694427083333333 0.6998425925925926 0.052083333333333336 0.02607870370370367
0 0.5693020833333333 0.6761759259259259 0.03434375000000003 0.016652777777777895
0 0.57175 0.6555833333333333 0.04010677083333339 0.022597222222222196
0 0.48552083333333335 0.7383703703703705 0.04683333333333337 0.03456018518518523