0 0.450953125 0.6496944444444444 0.07716927083333332 0.05262500000000003
0 0.4713541666666667 0.7947500000000001 0.06961718749999998 0.04922685185185182
0 0.662328125 0.7708333333333334 0.06935677083333332 0.0567916666666667
0 0.6440989583333334 0.5949074074074074 0.06935677083333332 0.06605092592592596
0 0.4878489583333333 0.5061759259259259 0.07977343749999997 0.05848611111111108
0 0.4730885416666667 0.37886111111111115 0.07647656250000003 0.053856481481481554
0 0.6449635416666666 0.4359537037037037 0.08498177083333332 0.0631157407407408
0 0.65625 0.2916666666666667 0.08333333333333333 0.06481481481481481
0 0.4986979166666667 0.2631203703703704 0.06180468749999998 0.05725462962962966
0 0.490015625 0.13580555555555554 0.058247395833333354 0.04336574074074072
0 0.6362864583333334 0.15046296296296297 0.06414843749999997 0.05431944444444441
0 0.6393229166666666 0.03780555555555555 0.05659635416666665 0.05385648148148148